254
90
50
56
39
147
69
75
40
45
119
137
103
60
45
187
130
57
45
30
133
185
133
48
41
256
107
31
50
45
138
31
59
5
45
22
105
113
70
35
149
1
107
70
29
127
133
12
31
45
190
0
57
69
44
184
69
20
25
37
80
158
62
38
41
101
135
60
39
7
64
16
110
65
0
144
142
90
65
35
136
42
133
37
25
248
0
69
70
45
55
9
58
66
23
101
95
126
10
2
250
190
89
2
0
37
76
128
11
28
33
33
44
30
15
86
136
56
17
0
139
190
71
58
20
129
47
94
53
24
135
100
62
0
0
113
109
107
12
0
68
134
102
21
24
135
98
20
70
114
146
161
74
54
13
130
122
33
45
37
118
200
32
21
45
41
16
31
70
37
142
177
45
0
37
15
45
24
65
135
105
200
51
11
24
180
49
78
62
4
118
0
48
30
37
81
59
113
66
35
184
