249
0
38
68
19
190
49
99
60
22
149
30
125
33
45
215
190
111
23
40
221
54
74
56
17
126
180
63
11
15
119
3
130
49
34
103
23
28
43
39
111
99
98
26
40
212
15
128
43
38
255
0
56
61
77
94
93
51
57
37
138
123
20
17
36
162
75
18
25
37
181
84
77
65
21
193
21
116
56
19
121
57
7
0
8
60
129
15
26
19
108
4
79
38
33
17
56
123
26
3
230
200
24
5
44
11
58
85
67
14
192
74
70
57
19
97
169
89
38
40
77
163
117
24
23
253
139
59
23
28
147
165
59
15
20
168
135
25
34
42
120
63
22
70
45
101
196
115
2
39
83
117
88
30
38
106
122
93
70
43
177
89
63
0
45
194
104
70
69
40
3
80
79
30
36
39
123
92
63
9
21
58
67
135
45
133
189
112
18
39
172
42
98
3
13
27
65
111
62
33
178
