0,43478 0,00000 
0,29124 0,00000 
0,10000 0,00000 
0,15262 0,00000 
0,10000 0,00000 
0,10000 0,00000 
0,10000 0,00000 
0,26824 0,00000 
0,10000 0,00000 
0,39653 0,00000 
0,24090 0,00000 
0,10000 0,00000 
0,39831 0,00000 
0,10000 0,00000 
0,10000 0,00000 
0,71398 0,00000 
0,10000 0,00000 
0,19617 0,00000 
0,22663 0,00000 
0,12498 0,00000 
0,10000 0,00000 
0,35952 0,00000 
0,10519 0,00000 
0,10000 0,00000 
0,10000 0,00000 
0,18308 0,00000 
0,37485 0,00000 
0,20742 0,00000 
0,31128 0,00000 
0,38746 0,00000 
0,10000 0,00000 
0,10000 0,00000 
0,11352 0,00000 
0,10000 0,00000 
0,24260 0,00000 
0,56954 0,00000 
0,33679 0,00000 
0,10000 0,00000 
0,10000 0,00000 
0,10000 0,00000 
0,48832 0,00000 
0,53964 0,00000 
0,10000 0,00000 
0,51474 0,00000 
0,10000 0,00000 
0,19074 0,00000 
0,10000 0,00000 
0,22161 0,00000 
0,20831 0,00000 
0,62946 0,00000 
0,67047 0,00000 
0,15498 0,00923 
0,49205 0,00000 
0,10000 0,00000 
0,10000 0,00000 
0,62058 0,05603 
0,12935 0,00000 
0,40313 0,00000 
0,10000 0,00000 
0,10000 0,00000 
0,10000 0,00000 
0,10000 0,00000 
0,10000 0,00000 
0,10000 0,00000 
0,10000 0,00000 
0,35197 0,00000 
0,64087 0,00000 
0,10000 0,00000 
0,20268 0,00000 
0,10000 0,00000 
0,10000 0,00000 
0,33148 0,00000 
0,37271 0,00000 
0,15775 0,00000 
0,10000 0,00000 
0,17188 0,03654 
0,24309 0,00000 
0,25527 0,00000 
0,45811 0,00000 
0,40126 0,00000 
0,10000 0,00000 
0,34665 0,00000 
0,12497 0,00000 
0,31850 0,00000 
0,10000 0,00000 
0,21073 0,00000 
0,30259 0,00000 
0,20067 0,00000 
0,10000 0,00000 
0,66859 0,02391 
0,10000 0,00000 
0,25167 0,00000 
0,25106 0,00000 
0,29253 0,00000 
0,10000 0,00000 
0,10000 0,00000 
0,10000 0,00000 
0,10000 0,00000 
0,10000 0,00000 
0,10000 0,00000 
0,33882 0,00000 
0,22939 0,00000 
0,10000 0,00000 
0,10000 0,00000 
0,11646 0,00000 
0,19178 0,00000 
0,50096 0,00107 
0,10000 0,00000 
0,10000 0,00000 
0,10000 0,00000 
0,10000 0,00000 
0,26590 0,00000 
0,10878 0,00000 
0,10000 0,00000 
0,22476 0,00000 
0,96048 0,15364 
0,10000 0,00000 
0,10000 0,00000 
0,10000 0,00000 
0,27431 0,00000 
0,10000 0,00000 
0,10000 0,00000 
0,79917 0,00000 
0,10000 0,00000 
0,16252 0,00000 
0,10000 0,00000 
0,13157 0,00000 
0,10000 0,00000 
0,29325 0,00000 
0,36287 0,00000 
0,10000 0,00000 
0,55134 0,00000 
0,31132 0,00000 
0,22153 0,00000 
0,30825 0,00000 
0,10000 0,00000 
0,22492 0,00000 
0,20948 0,00000 
0,10000 0,00000 
0,16464 0,00000 
0,29371 0,00000 
0,10000 0,00000 
0,11141 0,00000 
0,10000 0,00000 
0,10000 0,00000 
0,17389 0,00000 
0,41454 0,00000 
0,14814 0,00000 
0,54356 0,00000 
0,33952 0,00000 
0,39030 0,00000 
0,22883 0,00000 
0,58651 0,00000 
0,31878 0,00000 
1,00000 0,00000 
0,29478 0,00000 
0,10000 0,00000 
0,10000 0,00000 
0,28719 0,00000 
0,10000 0,00000 
0,33861 0,00000 
0,10000 0,00000 
0,10000 0,00000 
0,20702 0,00000 
0,14077 0,00000 
0,10000 0,00000 
0,18799 0,00000 
0,10000 0,00000 
0,10000 0,00000 
0,25356 0,00000 
0,27157 0,00000 
0,57810 0,00000 
0,10000 0,00000 
0,10000 0,00000 
0,10000 0,00000 
0,12611 0,00000 
0,26018 0,00000 
0,10000 0,00000 
0,10000 0,00000 
0,10000 0,00000 
0,38442 0,00000 
0,10000 0,00000 
0,15917 0,00000 
0,10000 0,00000 
0,10000 0,00000 
0,42327 0,00000 
0,10000 0,00000 
0,10000 0,00000 
0,10000 0,00000 
0,35150 0,00000 
0,10000 0,00000 
0,16351 0,00000 
0,16199 0,00000 
0,10000 0,00000 
0,10000 0,00000 

0,43553 0,00205 
0,10586 0,00973 
0,63195 0,01372 
0,33420 0,02068 
0,38312 0,04253 


