0,43478 2,30003 
0,29124 3,43356 
0,10000 10,00000 
0,15262 6,55238 
0,10000 10,00000 
0,10000 10,00000 
0,10000 10,00000 
0,26824 3,72795 
0,10000 10,00000 
0,39653 2,52190 
0,24090 4,15107 
0,10000 10,00000 
0,39831 2,51058 
0,10000 10,00000 
0,10000 10,00000 
0,71398 1,40059 
0,10000 10,00000 
0,19617 5,09760 
0,22663 4,41244 
0,12498 8,00155 
0,10000 10,00000 
0,35952 2,78149 
0,10519 9,50624 
0,10000 10,00000 
0,10000 10,00000 
0,18308 5,46201 
0,37485 2,66773 
0,20742 4,82111 
0,31128 3,21252 
0,38746 2,58089 
0,10000 10,00000 
0,10000 10,00000 
0,11352 8,80918 
0,10000 10,00000 
0,24260 4,12206 
0,56954 1,75581 
0,33679 2,96921 
0,10000 10,00000 
0,10000 10,00000 
0,10000 10,00000 
0,48832 2,04783 
0,53964 1,85310 
0,10000 10,00000 
0,51474 1,94274 
0,10000 10,00000 
0,19074 5,24276 
0,10000 10,00000 
0,22161 4,51238 
0,20831 4,80044 
0,62946 1,58866 
0,67047 1,49150 
0,15498 6,51182 
0,49205 2,03231 
0,10000 10,00000 
0,10000 10,00000 
0,62058 1,70168 
0,12935 7,73116 
0,40313 2,48058 
0,10000 10,00000 
0,10000 10,00000 
0,10000 10,00000 
0,10000 10,00000 
0,10000 10,00000 
0,10000 10,00000 
0,10000 10,00000 
0,35197 2,84116 
0,64087 1,56038 
0,10000 10,00000 
0,20268 4,93396 
0,10000 10,00000 
0,10000 10,00000 
0,33148 3,01673 
0,37271 2,68307 
0,15775 6,33908 
0,10000 10,00000 
0,17188 6,03070 
0,24309 4,11375 
0,25527 3,91741 
0,45811 2,18289 
0,40126 2,49215 
0,10000 10,00000 
0,34665 2,88472 
0,12497 8,00187 
0,31850 3,13969 
0,10000 10,00000 
0,21073 4,74531 
0,30259 3,30486 
0,20067 4,98323 
0,10000 10,00000 
0,66859 1,53144 
0,10000 10,00000 
0,25167 3,97351 
0,25106 3,98304 
0,29253 3,41850 
0,10000 10,00000 
0,10000 10,00000 
0,10000 10,00000 
0,10000 10,00000 
0,10000 10,00000 
0,10000 10,00000 
0,33882 2,95146 
0,22939 4,35933 
0,10000 10,00000 
0,10000 10,00000 
0,11646 8,58659 
0,19178 5,21443 
0,50096 1,99831 
0,10000 10,00000 
0,10000 10,00000 
0,10000 10,00000 
0,10000 10,00000 
0,26590 3,76085 
0,10878 9,19291 
0,10000 10,00000 
0,22476 4,44926 
0,96048 1,20111 
0,10000 10,00000 
0,10000 10,00000 
0,10000 10,00000 
0,27431 3,64546 
0,10000 10,00000 
0,10000 10,00000 
0,79917 1,25131 
0,10000 10,00000 
0,16252 6,15321 
0,10000 10,00000 
0,13157 7,60054 
0,10000 10,00000 
0,29325 3,41006 
0,36287 2,75583 
0,10000 10,00000 
0,55134 1,81375 
0,31132 3,21217 
0,22153 4,51396 
0,30825 3,24414 
0,10000 10,00000 
0,22492 4,44606 
0,20948 4,77381 
0,10000 10,00000 
0,16464 6,07402 
0,29371 3,40471 
0,10000 10,00000 
0,11141 8,97605 
0,10000 10,00000 
0,10000 10,00000 
0,17389 5,75067 
0,41454 2,41230 
0,14814 6,75032 
0,54356 1,83973 
0,33952 2,94529 
0,39030 2,56211 
0,22883 4,37014 
0,58651 1,70499 
0,31878 3,13696 
1,00000 1,00000 
0,29478 3,39232 
0,10000 10,00000 
0,10000 10,00000 
0,28719 3,48207 
0,10000 10,00000 
0,33861 2,95328 
0,10000 10,00000 
0,10000 10,00000 
0,20702 4,83057 
0,14077 7,10373 
0,10000 10,00000 
0,18799 5,31954 
0,10000 10,00000 
0,10000 10,00000 
0,25356 3,94378 
0,27157 3,68224 
0,57810 1,72980 
0,10000 10,00000 
0,10000 10,00000 
0,10000 10,00000 
0,12611 7,92963 
0,26018 3,84348 
0,10000 10,00000 
0,10000 10,00000 
0,10000 10,00000 
0,38442 2,60131 
0,10000 10,00000 
0,15917 6,28244 
0,10000 10,00000 
0,10000 10,00000 
0,42327 2,36255 
0,10000 10,00000 
0,10000 10,00000 
0,10000 10,00000 
0,35150 2,84494 
0,10000 10,00000 
0,16351 6,11588 
0,16199 6,17338 
0,10000 10,00000 
0,10000 10,00000 

0,43553 2,30076 
0,10586 9,53796 
0,63195 1,60410 
0,33420 3,05407 
0,38312 2,72114 


