0,10000 10,00000 
0,10000 10,00000 
0,15980 6,25800 
0,19772 5,05761 
0,23693 4,22069 
0,27782 3,59939 
0,28340 3,52859 
0,31066 3,21896 
0,38062 2,62728 
0,38683 2,58513 
0,41440 2,41311 
0,42986 2,32635 
0,43302 2,30939 
0,46016 2,17316 
0,47114 2,12249 
0,47977 2,08435 
0,48671 2,05462 
0,51068 1,95818 
0,56012 1,78533 
0,57649 1,73463 
0,58836 1,69964 
1,00000 1,00000 
1,00000 1,00000 
1,00000 1,00000 
1,00000 1,00000 
1,00000 1,00000 
1,00000 1,00000 
1,00000 1,00000 
1,00000 1,00000 
1,00000 1,00000 
1,00000 1,00000 
1,00000 1,00000 
1,00000 1,00000 
1,00000 1,00000 
1,00000 1,00000 
1,00000 1,00000 
1,00000 1,00000 
1,00000 1,00000 
1,00000 1,00000 
1,00000 1,00000 
0,99708 1,00293 
0,59777 1,67287 
0,98792 1,01223 
0,62578 1,59801 
0,96038 1,04125 
0,63177 1,58286 
0,94190 1,06169 
0,64270 1,55594 
0,93787 1,06624 
0,64587 1,54829 
0,93221 1,07272 
0,65055 1,53715 
0,92936 1,07601 
0,65115 1,53574 
0,92596 1,07996 
0,92552 1,08048 
0,92059 1,08627 
0,91564 1,09213 
0,91367 1,09449 
0,66639 1,51388 
0,90368 1,10659 
0,90178 1,10891 
0,68913 1,45110 
0,69431 1,44028 
0,87631 1,14115 
0,87115 1,14791 
0,85607 1,16813 
0,71594 1,39677 
0,85232 1,17327 
0,85200 1,17371 
0,72049 1,38795 
0,83968 1,19093 
0,73345 1,36343 
0,83301 1,20046 
0,73502 1,36050 
0,82849 1,20701 
0,82788 1,20791 
0,80987 1,23476 
0,80613 1,24050 
0,80325 1,24494 
0,76519 1,30686 
0,76902 1,30036 
0,79769 1,25362 
0,79714 1,25448 
0,79579 1,25662 
0,77541 1,28964 
0,78824 1,26865 
0,78623 1,27189 
0,14121 8,83764 
0,24365 4,78577 
0,28872 3,59381 
0,32362 3,38477 
0,35763 3,12579 
0,44531 2,27128 
0,49493 2,08542 
0,50607 2,02452 
0,51821 1,99858 
0,57568 1,76537 
0,98406 1,02825 
0,62967 1,66843 
0,63735 1,63275 
0,70137 1,49952 
0,70517 1,42694 
0,85594 1,20407 
0,83308 1,21183 
0,74803 1,34173 
0,79605 1,28759 
0,78006 1,30133 
0,25138 5,00583 
0,34216 3,28693 
0,49175 2,20584 
0,50890 2,05845 
0,56295 2,03233 
0,56516 1,89194 
0,91750 1,15434 
0,69419 1,55615 
0,32485 3,89074 
0,34777 3,49238 
0,44692 2,77395 
0,47297 2,50155 
0,48910 2,37896 
0,50485 2,30357 
0,55682 2,12418 
0,57039 2,05647 
0,57085 2,04330 
0,58333 2,00240 
0,60545 1,86745 
0,66340 1,66847 
0,69531 1,57658 
0,75234 1,49914 
0,76203 1,42563 
0,76901 1,37822 
0,77399 1,36795 
0,10000 10,97612 
0,45145 3,00574 
0,54650 2,31514 
0,56431 2,22649 
0,60839 1,88217 
0,91793 1,27000 
0,72854 1,65790 
0,76376 1,52575 
0,10000 12,26592 
0,38951 4,12529 
0,46896 3,09689 
0,59212 2,20108 
1,00000 1,02075 
0,95823 1,28943 
0,65252 2,11050 
0,84484 1,35835 
0,82628 1,37824 
0,74901 1,65713 
0,77344 1,57488 
0,77771 1,51148 
0,41019 4,22661 
1,00000 1,02673 
0,97953 1,27583 
0,62307 2,19242 
0,96148 1,27906 
0,67199 2,11657 
0,69310 1,73801 
0,88084 1,35708 
0,83731 1,40278 
0,81019 1,47080 
0,78499 1,55327 
1,00000 1,18488 
1,00000 1,16284 
1,00000 1,09497 
1,00000 1,18165 
1,00000 1,07013 
1,00000 1,29171 
0,67783 1,93455 
0,75984 1,92118 
0,87038 1,98228 
0,87367 1,62354 
0,99411 1,40297 
1,00000 1,37694 
0,85691 1,43188 
0,57663 2,53423 
0,78663 1,88094 
0,47254 3,20745 
1,00000 1,13873 
1,00000 1,07801 
1,00000 1,42177 
0,99570 1,37289 
0,89708 1,54620 
0,88171 1,65896 
1,00000 1,20530 
1,00000 1,10316 
0,91066 1,38193 
1,00000 1,19742 
1,00000 1,38718 
0,88726 1,45483 
1,00000 1,12819 
0,73198 2,02543 
1,00000 1,19060 
1,00000 1,14281 
1,00000 1,03547 
0,78720 1,64747 
0,88812 1,73787 
0,72666 1,84482 
1,00000 1,40322 
0,86669 1,49577 
0,92338 1,52073 
0,88481 1,40816 
0,83778 1,45851 
1,00000 1,11798 
1,00000 1,19167 
0,81335 1,95016 
0,74629 1,74730 
0,82051 1,70599 
1,00000 1,03865 
1,00000 1,55646 

0,98081 1,01956 
0,32101 3,41435 
1,00000 1,22291 
0,70226 1,42397 
0,45671 2,18955 
0,67654 1,68580 
0,67076 1,49086 
1,00000 1,00000 
0,45311 3,32336 
1,00000 1,00000 
0,38295 2,65984 
1,00000 1,25364 
1,00000 1,00000 
0,20005 6,78842 
1,00000 1,00373 
0,32369 3,23356 
0,58053 2,25785 
0,70543 1,41757 
0,59977 1,66731 
0,58632 1,70557 
0,83146 1,20271 
1,00000 1,00000 
0,36321 2,75323 
1,00000 1,32460 
0,83326 1,20011 
1,00000 1,02826 
0,54830 2,22714 
1,00000 1,36586 
0,69731 1,43409 
0,91944 1,22166 
0,40303 2,48120 
0,49163 2,03406 
1,00000 1,19262 
0,22571 6,81649 
0,39833 3,07380 
0,85353 1,35598 
0,55278 1,80904 
0,77165 1,89740 
0,89619 1,49319 
0,58937 1,86432 
0,55348 1,80675 
1,00000 1,37724 

0,44159 3,15263 
0,51730 1,93312 
0,31504 4,95123 
0,12311 8,38668 
0,43506 2,72134 
1,00000 1,04532 
1,00000 1,00000 
1,00000 1,00000 
0,10000 10,00000 
1,00000 1,00000 
0,10000 10,00000 
0,63991 1,56271 
0,87069 1,14851 
0,46758 2,29870 
0,80742 1,38757 
0,90693 1,10262 
0,83852 1,19258 
0,41793 2,39273 
0,85555 1,16884 
1,00000 1,27300 
0,89424 1,11827 
1,00000 1,24759 
0,69995 1,42867 
0,75529 1,62262 
1,00000 1,00000 
0,10000 10,00000 
0,64018 1,56206 
0,37597 2,74890 
0,64626 1,65551 
0,85497 1,57094 
0,60219 2,16396 
0,66394 1,58243 
0,55356 1,89017 

0,10031 9,96876 
0,54213 1,84456 
1,00000 1,00000 
0,74794 1,33700 
0,46413 2,18610 
0,56182 1,77994 
0,58815 1,70025 
0,80513 1,26738 
0,58577 1,94701 
1,00000 1,04161 
0,32809 3,04793 
1,00000 1,00000 
0,16786 6,98704 
1,00000 1,13366 
0,92308 1,23717 
1,00000 1,00000 
0,56348 1,97321 
0,87314 1,25920 
0,39667 2,90622 
0,97781 1,02269 
0,50151 1,99397 
0,23824 4,80806 
0,45599 2,72230 
0,85279 1,29859 
0,73573 1,56083 
0,89946 1,47133 
0,31630 3,86309 
0,78058 1,35116 
0,77635 1,45367 
0,62278 2,13439 
1,00000 1,41596 
0,90881 1,10034 
0,99233 1,27780 
0,10000 10,00000 
1,00000 1,13592 

1,00000 1,00410 
0,57708 2,19331 
0,99693 1,08235 
1,00000 1,28738 
1,00000 1,00000 
0,72415 1,38092 
0,67129 1,72159 
0,69446 1,95922 
0,93335 1,07141 
0,55935 1,88576 
0,87783 1,32316 
0,54586 1,83198 
0,70962 1,45698 
0,89078 1,12262 
0,93679 1,49376 
1,00000 1,00000 
0,35831 3,56709 
1,00000 1,56550 
0,86815 1,32372 
1,00000 1,21389 
1,00000 1,00000 
0,35611 3,27203 
0,66489 1,78420 
0,48833 2,04781 

0,98308 1,01721 
0,91243 1,09598 
0,33706 3,29717 
0,97797 1,28271 
0,81489 1,28355 
0,10000 10,63149 
0,73653 1,54034 
1,00000 1,09580 
0,44090 2,26810 
1,00000 1,00000 
0,78722 1,64001 
0,57420 2,00270 
0,37085 4,31309 
0,56444 2,26682 
1,00000 1,23423 
1,00000 1,00000 
0,53675 1,86307 
0,91216 1,09630 
0,64498 1,69994 
1,00000 1,00000 
1,00000 1,37745 
0,71806 1,39263 
0,82957 1,77349 
0,51771 1,93156 
0,47141 2,12130 
0,88528 1,23590 

0,96301 1,09167 
0,43791 2,28357 
0,17902 5,58601 
0,90699 1,10255 
1,00000 1,00000 
0,79599 1,25629 
1,00000 1,00000 
1,00000 1,42403 
0,70355 1,88584 
0,84414 1,41815 
0,76366 1,30947 
1,00000 1,08988 
0,96057 1,19530 
0,75023 1,33292 
0,75556 1,32352 
0,72367 1,38185 

0,43340 2,73739 
1,00000 1,11577 
0,64797 2,19508 
1,00000 1,10230 
0,62927 1,58914 
0,46527 2,41973 
0,65971 2,05954 
0,60858 1,64317 
0,92784 1,07777 
0,71971 1,38944 
0,59210 1,68892 
0,75209 1,71384 
1,00000 1,28193 
1,00000 1,00000 
0,10000 10,00000 
0,89781 1,13048 
0,70081 1,42693 
0,98417 1,48324 
0,81928 1,57115 

1,00000 1,00000 
1,00000 1,14478 
0,68945 1,45042 
0,72784 1,88332 
0,60657 2,01530 
1,00000 1,00660 
0,35857 2,78889 
0,87255 1,14606 
0,54612 1,83110 
0,56506 2,27863 
1,00000 1,00000 
0,79631 1,25579 
0,94202 1,29567 

0,35775 3,35286 
0,68429 2,53624 
0,55974 2,11343 
0,26026 4,23879 
1,00000 1,06034 
1,00000 1,20354 

0,91690 1,09063 
0,81391 1,81824 
1,00000 1,75844 
1,00000 1,00000 
1,00000 1,00000 
0,37705 2,81362 
0,67099 1,69080 
1,00000 1,00000 

0,73443 1,36160 
0,94335 1,07117 
0,69513 1,88421 
0,74423 1,34366 
0,89113 1,14165 
0,75192 1,92615 
1,00000 1,45016 

0,67639 1,88705 
1,00000 1,00000 
0,39075 2,55919 

0,55581 1,79919 

1,00000 1,24360 

0,81223 1,23117 

0,83671 1,19516 

0,72698 1,37777 

0,36545 2,73636 

0,10000 10,63150 

0,96570 1,46134 

0,74768 1,36491 

1,00000 1,00000 

1,00000 1,31412 

0,71499 1,53976 

0,39462 2,93039 

0,62348 2,47056 

0,71473 1,39912 

0,43720 3,11871 

0,80153 1,35232 

0,34768 2,97419 

0,36549 2,73603 

0,33541 2,98144 

0,42934 3,25489 

0,85314 1,57603 

0,90358 1,26819 

0,89963 1,22816 

1,00000 1,07104 

1,00000 1,30755 

0,68697 1,54089 

1,00000 1,45656 

1,00000 1,00000 

0,70286 1,42275 

0,10000 12,79347 

0,95839 1,04342 

1,00000 1,00000 

1,00000 1,19928 

0,34539 3,50545 

0,75699 1,35085 

1,00000 1,00000 

0,11135 8,98063 

0,56771 1,76146 

1,00000 1,07403 

0,91176 1,09678 

0,72647 1,91333 

0,70636 1,69875 

1,00000 1,00000 

1,00000 1,00000 

0,10000 10,61008 

0,88297 1,25778 

1,00000 1,29048 

0,27957 5,10540 

0,80895 1,23617 

1,00000 1,00250 

0,84145 1,18843 

0,51838 1,94578 

1,00000 1,26623 

0,59596 1,71258 

0,96011 1,24391 

