0,10000 0,00000 
0,10000 0,00000 
0,15980 0,00000 
0,19772 0,00000 
0,23693 0,00000 
0,27782 0,00000 
0,28340 0,00000 
0,31066 0,00000 
0,38062 0,00000 
0,38683 0,00000 
0,41440 0,00000 
0,42986 0,00000 
0,43302 0,00000 
0,46016 0,00000 
0,47114 0,00000 
0,47977 0,00000 
0,48671 0,00000 
0,51068 0,00000 
0,56012 0,00000 
0,57649 0,00000 
0,58836 0,00000 
1,00000 0,00000 
1,00000 0,00000 
1,00000 0,00000 
1,00000 0,00000 
1,00000 0,00000 
1,00000 0,00000 
1,00000 0,00000 
1,00000 0,00000 
1,00000 0,00000 
1,00000 0,00000 
1,00000 0,00000 
1,00000 0,00000 
1,00000 0,00000 
1,00000 0,00000 
1,00000 0,00000 
1,00000 0,00000 
1,00000 0,00000 
1,00000 0,00000 
1,00000 0,00000 
0,99708 0,00000 
0,59777 0,00000 
0,98792 0,00000 
0,62578 0,00000 
0,96038 0,00000 
0,63177 0,00000 
0,94190 0,00000 
0,64270 0,00000 
0,93787 0,00000 
0,64587 0,00000 
0,93221 0,00000 
0,65055 0,00000 
0,92936 0,00000 
0,65115 0,00000 
0,92596 0,00000 
0,92552 0,00000 
0,92059 0,00000 
0,91564 0,00000 
0,91367 0,00000 
0,66639 0,00883 
0,90368 0,00000 
0,90178 0,00000 
0,68913 0,00000 
0,69431 0,00000 
0,87631 0,00000 
0,87115 0,00000 
0,85607 0,00000 
0,71594 0,00000 
0,85232 0,00000 
0,85200 0,00000 
0,72049 0,00000 
0,83968 0,00000 
0,73345 0,00000 
0,83301 0,00000 
0,73502 0,00000 
0,82849 0,00000 
0,82788 0,00000 
0,80987 0,00000 
0,80613 0,00000 
0,80325 0,00000 
0,76519 0,00000 
0,76902 0,00000 
0,79769 0,00000 
0,79714 0,00000 
0,79579 0,00000 
0,77541 0,00000 
0,78824 0,00000 
0,78623 0,00000 
0,14121 0,24799 
0,24365 0,16604 
0,28872 0,03759 
0,32362 0,09539 
0,35763 0,11787 
0,44531 0,01142 
0,49493 0,03213 
0,50607 0,02455 
0,51821 0,03569 
0,57568 0,01629 
0,98406 0,01186 
0,62967 0,05055 
0,63735 0,04064 
0,70137 0,05172 
0,70517 0,00623 
0,85594 0,03062 
0,83308 0,00955 
0,74803 0,00364 
0,79605 0,02499 
0,78006 0,01511 
0,25138 0,25838 
0,34216 0,12464 
0,49175 0,08473 
0,50890 0,04755 
0,56295 0,14411 
0,56516 0,06926 
0,91750 0,05911 
0,69419 0,08026 
0,32485 0,26389 
0,34777 0,21456 
0,44692 0,23974 
0,47297 0,18316 
0,48910 0,16355 
0,50485 0,16295 
0,55682 0,18277 
0,57039 0,17300 
0,57085 0,16642 
0,58333 0,16805 
0,60545 0,13064 
0,66340 0,10686 
0,69531 0,09622 
0,75234 0,12787 
0,76203 0,08636 
0,76901 0,05986 
0,77399 0,05879 
0,10000 0,09761 
0,45145 0,35693 
0,54650 0,26523 
0,56431 0,25644 
0,60839 0,14510 
0,91793 0,16577 
0,72854 0,20785 
0,76376 0,16530 
0,10000 0,22659 
0,38951 0,60685 
0,46896 0,45232 
0,59212 0,30330 
1,00000 0,02075 
0,95823 0,23557 
0,65252 0,37715 
0,84484 0,14759 
0,82628 0,13881 
0,74901 0,24121 
0,77344 0,21807 
0,77771 0,17550 
0,41019 0,73370 
1,00000 0,02673 
0,97953 0,24972 
0,62307 0,36603 
0,96148 0,22979 
0,67199 0,42230 
0,69310 0,20462 
0,88084 0,19538 
0,83731 0,17456 
0,81019 0,19163 
0,78499 0,21929 
1,00000 0,18488 
1,00000 0,16284 
1,00000 0,09497 
1,00000 0,18165 
1,00000 0,07013 
1,00000 0,29171 
0,67783 0,31129 
0,75984 0,45980 
0,87038 0,72534 
0,87367 0,41844 
0,99411 0,39472 
1,00000 0,37694 
0,85691 0,22699 
0,57663 0,46130 
0,78663 0,47960 
0,47254 0,51563 
1,00000 0,13873 
1,00000 0,07801 
1,00000 0,42177 
0,99570 0,36700 
0,89708 0,38707 
0,88171 0,46272 
1,00000 0,20530 
1,00000 0,10316 
0,91066 0,25848 
1,00000 0,19742 
1,00000 0,38718 
0,88726 0,29081 
1,00000 0,12819 
0,73198 0,48256 
1,00000 0,19060 
1,00000 0,14281 
1,00000 0,03547 
0,78720 0,29689 
0,88812 0,54343 
0,72666 0,34055 
1,00000 0,40322 
0,86669 0,29637 
0,92338 0,40421 
0,88481 0,24596 
0,83778 0,22192 
1,00000 0,11798 
1,00000 0,19167 
0,81335 0,58617 
0,74629 0,30399 
0,82051 0,39978 
1,00000 0,03865 
1,00000 0,55646 

0,98081 0,00000 
0,32101 0,09605 
1,00000 0,22291 
0,70226 0,00000 
0,45671 0,00000 
0,67654 0,14051 
0,67076 0,00000 
1,00000 0,00000 
0,45311 0,50584 
1,00000 0,00000 
0,38295 0,01859 
1,00000 0,25364 
1,00000 0,00000 
0,20005 0,35800 
1,00000 0,00373 
0,32369 0,04669 
0,58053 0,31074 
0,70543 0,00000 
0,59977 0,00000 
0,58632 0,00000 
0,83146 0,00000 
1,00000 0,00000 
0,36321 0,00000 
1,00000 0,32460 
0,83326 0,00000 
1,00000 0,02826 
0,54830 0,22115 
1,00000 0,36586 
0,69731 0,00000 
0,91944 0,12324 
0,40303 0,00000 
0,49163 0,00000 
1,00000 0,19262 
0,22571 0,53853 
0,39833 0,22438 
0,85353 0,15737 
0,55278 0,00000 
0,77165 0,46413 
0,89619 0,33818 
0,58937 0,09877 
0,55348 0,00000 
1,00000 0,37724 

0,44159 0,39216 
0,51730 0,00000 
0,31504 0,55985 
0,12311 0,03247 
0,43506 0,18394 
1,00000 0,04532 
1,00000 0,00000 
1,00000 0,00000 
0,10000 0,00000 
1,00000 0,00000 
0,10000 0,00000 
0,63991 0,00000 
0,87069 0,00000 
0,46758 0,07483 
0,80742 0,12035 
0,90693 0,00000 
0,83852 0,00000 
0,41793 0,00000 
0,85555 0,00000 
1,00000 0,27300 
0,89424 0,00000 
1,00000 0,24759 
0,69995 0,00000 
0,75529 0,22556 
1,00000 0,00000 
0,10000 0,00000 
0,64018 0,00000 
0,37597 0,03349 
0,64626 0,06989 
0,85497 0,34311 
0,60219 0,30312 
0,66394 0,05065 
0,55356 0,04632 

0,10031 0,00000 
0,54213 0,00000 
1,00000 0,00000 
0,74794 0,00000 
0,46413 0,01463 
0,56182 0,00000 
0,58815 0,00000 
0,80513 0,02041 
0,58577 0,14049 
1,00000 0,04161 
0,32809 0,00000 
1,00000 0,00000 
0,16786 0,17282 
1,00000 0,13366 
0,92308 0,14200 
1,00000 0,00000 
0,56348 0,11186 
0,87314 0,09946 
0,39667 0,15280 
0,97781 0,00000 
0,50151 0,00000 
0,23824 0,14547 
0,45599 0,24135 
0,85279 0,10742 
0,73573 0,14834 
0,89946 0,32340 
0,31630 0,22190 
0,78058 0,05469 
0,77635 0,12856 
0,62278 0,32926 
1,00000 0,41596 
0,90881 0,00000 
0,99233 0,26800 
0,10000 0,00000 
1,00000 0,13592 

1,00000 0,00410 
0,57708 0,26572 
0,99693 0,07903 
1,00000 0,28738 
1,00000 0,00000 
0,72415 0,00000 
0,67129 0,15568 
0,69446 0,36060 
0,93335 0,00000 
0,55935 0,05480 
0,87783 0,16151 
0,54586 0,00000 
0,70962 0,03390 
0,89078 0,00000 
0,93679 0,39933 
1,00000 0,00000 
0,35831 0,27814 
1,00000 0,56550 
0,86815 0,14919 
1,00000 0,21389 
1,00000 0,00000 
0,35611 0,16521 
0,66489 0,18629 
0,48833 0,00000 

0,98308 0,00000 
0,91243 0,00000 
0,33706 0,11133 
0,97797 0,25445 
0,81489 0,04595 
0,10000 0,06315 
0,73653 0,13451 
1,00000 0,09580 
0,44090 0,00000 
1,00000 0,00000 
0,78722 0,29105 
0,57420 0,14995 
0,37085 0,59952 
0,56444 0,27948 
1,00000 0,23423 
1,00000 0,00000 
0,53675 0,00000 
0,91216 0,00000 
0,64498 0,09642 
1,00000 0,00000 
1,00000 0,37745 
0,71806 0,00000 
0,82957 0,47123 
0,51771 0,00000 
0,47141 0,00000 
0,88528 0,09411 

0,96301 0,05129 
0,43791 0,00000 
0,17902 0,00000 
0,90699 0,00000 
1,00000 0,00000 
0,79599 0,00000 
1,00000 0,00000 
1,00000 0,42403 
0,70355 0,32679 
0,84414 0,19711 
0,76366 0,00000 
1,00000 0,08988 
0,96057 0,14816 
0,75023 0,00000 
0,75556 0,00000 
0,72367 0,00000 

0,43340 0,18638 
1,00000 0,11577 
0,64797 0,42233 
1,00000 0,10230 
0,62927 0,00000 
0,46527 0,12583 
0,65971 0,35871 
0,60858 0,00000 
0,92784 0,00000 
0,71971 0,00000 
0,59210 0,00000 
0,75209 0,28896 
1,00000 0,28193 
1,00000 0,00000 
0,10000 0,00000 
0,89781 0,01496 
0,70081 0,00000 
0,98417 0,45977 
0,81928 0,28721 

1,00000 0,00000 
1,00000 0,14478 
0,68945 0,00000 
0,72784 0,37075 
0,60657 0,22243 
1,00000 0,00660 
0,35857 0,00000 
0,87255 0,00000 
0,54612 0,00000 
0,56506 0,28757 
1,00000 0,00000 
0,79631 0,00000 
0,94202 0,22054 

0,35775 0,19950 
0,68429 0,73553 
0,55974 0,18296 
0,26026 0,10319 
1,00000 0,06034 
1,00000 0,20354 

0,91690 0,00000 
0,81391 0,47989 
1,00000 0,75844 
1,00000 0,00000 
1,00000 0,00000 
0,37705 0,06089 
0,67099 0,13451 
1,00000 0,00000 

0,73443 0,00000 
0,94335 0,01049 
0,69513 0,30978 
0,74423 0,00000 
0,89113 0,01735 
0,75192 0,44831 
1,00000 0,45016 

0,67639 0,27638 
1,00000 0,00000 
0,39075 0,00000 

0,55581 0,00000 

1,00000 0,24360 

0,81223 0,00000 

0,83671 0,00000 

0,72698 0,00161 

0,36545 0,00000 

0,10000 0,06315 

0,96570 0,41122 

0,74768 0,02052 

1,00000 0,00000 

1,00000 0,31412 

0,71499 0,10092 

0,39462 0,15639 

0,62348 0,54034 

0,71473 0,00000 

0,43720 0,36350 

0,80153 0,08393 

0,34768 0,03407 

0,36549 0,00000 

0,33541 0,00000 

0,42934 0,39746 

0,85314 0,34458 

0,90358 0,14592 

0,89963 0,10489 

1,00000 0,07104 

1,00000 0,30755 

0,68697 0,05855 

1,00000 0,45656 

1,00000 0,00000 

0,70286 0,00000 

0,10000 0,27935 

0,95839 0,00000 

1,00000 0,00000 

1,00000 0,19928 

0,34539 0,21076 

0,75699 0,02258 

1,00000 0,00000 

0,11135 0,00000 

0,56771 0,00000 

1,00000 0,07403 

0,91176 0,00000 

0,72647 0,38999 

0,70636 0,19992 

1,00000 0,00000 

1,00000 0,00000 

0,10000 0,06101 

0,88297 0,11058 

1,00000 0,29048 

0,27957 0,42729 

0,80895 0,00000 

1,00000 0,00250 

0,84145 0,00000 

0,51838 0,00866 

1,00000 0,26623 

0,59596 0,02064 

0,96011 0,19429 

